,Varsta,Sex,Micro,progn,T,Ghr muc/HPF,Ghr muc/5HPF,Ghr,Ghrelin rank,Hp_rk,Inflam,Distributie,mucoasa,HP,mono,neutro,Atrofie,Metaplazie,pleomorfism,AM,CD117,DOG1,CD34,GRPI,GRPP,Scor perif,GRCI,GRCC,Scor centru,Scor total (Allred dublu)
Varsta,1.0,-0.15096364335689305,0.005755006982395045,-0.03759037765655485,-0.10973131426764544,-0.10398640376104427,-0.08607865161293136,-0.08607865161293136,0.08607865161293136,0.05784810360741246,-0.04804666924474354,-0.08452154537635759,0.22257084506834177,-0.05784810360741246,0.04804666924474354,0.005585307926977536,0.017032851962031217,-0.046397882927287706,-0.012391986561361137,0.1065424780898976,0.1053378774885652,0.040193901732161676,-0.13963300967469305,0.07941012527129017,0.06484214680064093,0.0829932057842816,-0.004332831158417556,0.06785854309452888,-0.03278834164246534,0.0467322701546347
Sex,-0.15096364335689305,1.0,0.4196739203024335,-0.13193962423831182,-0.029697714779117333,0.011484944433682375,-0.018031619691526717,-0.018031619691526717,0.018031619691526717,-0.24190057864005898,-0.10313830829284838,0.12403635180908477,-0.08257228238447704,0.24190057864005898,0.10313830829284838,0.08303181298126872,0.13654940178755756,0.07342870808179781,0.3795073273399262,0.08070002078437538,-0.08510677611520905,-0.009278370237815069,0.14101901870444156,0.3079889259590849,0.34443287690349994,0.33677210748493924,0.2972877835884011,0.2086198137090684,0.30809834862175695,0.3289490456490563
Micro,0.005755006982395045,0.4196739203024335,1.0,-0.05663389274263391,0.007787710370293977,-0.30910273699771884,-0.3696424064394202,-0.3696424064394202,0.3696424064394202,-0.006828383536827553,-0.23686602580958324,-0.003050858109659533,0.20954181400080643,0.006828383536827553,0.23686602580958324,0.11503033694348311,0.30550760448027653,0.2944625597577017,0.13102532634013705,-0.05041957466188875,0.08566731658741536,0.013526144251242314,0.15989524000354138,0.16583946485880277,0.15932999938954218,0.15822595240104628,0.1304433598666938,0.2825454491397428,0.24035071885621706,0.2060888019734358
progn,-0.03759037765655485,-0.13193962423831182,-0.05663389274263391,1.0,0.6559767522907608,0.09121223524490239,0.13930414132056035,0.13930414132056035,-0.13930414132056035,-0.011099008153617754,0.045474934495616,-0.00901430276133655,-0.06674639317201159,0.011099008153617754,-0.045474934495616,0.03188003113080199,0.0940360916363476,-0.10434663783657068,-0.140880336822236,-0.06269142683911721,-0.010721317902511936,-0.18818352894894852,-0.06513780996561758,-0.18443046758651963,-0.27346377410627204,-0.24267351883305271,0.02662941835668963,-0.14337034857724032,-0.10728117916987881,-0.20537227700321906
T,-0.10973131426764544,-0.029697714779117333,0.007787710370293977,0.6559767522907608,1.0,-0.07102867317042158,0.007001189917304557,0.007001189917304557,-0.007001189917304557,0.01331901429278934,-0.18071691842404716,-0.04599341840931474,0.01904067458828066,-0.01331901429278934,0.18071691842404716,0.17067861582899146,0.13333085555302998,0.049538026734862226,-0.01710415682545128,0.054940686667147444,-0.05326816572438573,0.04706980735829596,-0.00929089785984619,-0.12770065408044773,-0.1417969955566252,-0.12325600416595028,-0.10077117508479756,-0.09700975798254363,-0.13000558229278641,-0.13924462415209196
Ghr muc/HPF,-0.10398640376104427,0.011484944433682375,-0.30910273699771884,0.09121223524490239,-0.07102867317042158,1.0,0.9444019467006041,0.9444019467006041,-0.9444019467006041,-0.23169988143636897,0.26344707921717847,-0.013910861488291947,-0.586163248229794,0.23169988143636897,-0.26344707921717847,0.01938979221384521,-0.13184525006318484,0.027121563485615955,0.019704496994984572,0.05326465462627894,0.19748410789120244,-0.16075573478136992,0.06399055244521278,0.03765206613141205,0.054654335471385464,0.033469474924371155,0.17422493433949585,0.02778239370063726,0.07612676765865072,0.04622841008430342
Ghr muc/5HPF,-0.08607865161293136,-0.018031619691526717,-0.3696424064394202,0.13930414132056035,0.007001189917304557,0.9444019467006041,1.0,1.0,-1.0,-0.24936279807352865,0.29118845233267815,0.03190713426426236,-0.6551212769280259,0.24936279807352865,-0.29118845233267815,0.007990016056896636,-0.2129271634755012,-0.01515309182993026,0.09599848929325325,0.14967278577073628,0.11312290262314018,-0.1686424758333453,0.06393329019441968,0.034344363165917186,0.031256258490103626,0.0222407344700901,0.17213788761464116,-0.0561069764537909,0.03452891434029411,0.01803938355240539
Ghr,-0.08607865161293136,-0.018031619691526717,-0.3696424064394202,0.13930414132056035,0.007001189917304557,0.9444019467006041,1.0,1.0,-1.0,-0.24936279807352865,0.29118845233267815,0.03190713426426236,-0.6551212769280259,0.24936279807352865,-0.29118845233267815,0.007990016056896636,-0.2129271634755012,-0.01515309182993026,0.09599848929325325,0.14967278577073628,0.11312290262314018,-0.1686424758333453,0.06393329019441968,0.034344363165917186,0.031256258490103626,0.0222407344700901,0.17213788761464116,-0.0561069764537909,0.03452891434029411,0.01803938355240539
Ghrelin rank,0.08607865161293136,0.018031619691526717,0.3696424064394202,-0.13930414132056035,-0.007001189917304557,-0.9444019467006041,-1.0,-1.0,1.0,0.24936279807352865,-0.29118845233267815,-0.03190713426426236,0.6551212769280259,-0.24936279807352865,0.29118845233267815,-0.007990016056896636,0.2129271634755012,0.01515309182993026,-0.09599848929325325,-0.14967278577073628,-0.11312290262314018,0.1686424758333453,-0.06393329019441968,-0.034344363165917186,-0.031256258490103626,-0.0222407344700901,-0.17213788761464116,0.0561069764537909,-0.03452891434029411,-0.01803938355240539
Hp_rk,0.05784810360741246,-0.24190057864005898,-0.006828383536827553,-0.011099008153617754,0.01331901429278934,-0.23169988143636897,-0.24936279807352865,-0.24936279807352865,0.24936279807352865,1.0,0.10218686916802575,0.2144172885348435,0.1632870338857884,-1.0,-0.10218686916802575,-0.44748593161054373,-0.22592236690896605,0.05407023956821618,-0.012188955807461014,0.10460168942511447,0.02227486842029992,0.25255504327796136,0.14411966822444805,-0.09452951318636547,-0.20261241837091143,-0.10961890372958424,-0.08687025451723254,-0.06515281262651341,-0.0737985333723397,-0.08257778819277534
Inflam,-0.04804666924474354,-0.10313830829284838,-0.23686602580958324,0.045474934495616,-0.18071691842404716,0.26344707921717847,0.29118845233267815,0.29118845233267815,-0.29118845233267815,0.10218686916802575,1.0,-0.09073411699688262,-0.1644604807618989,-0.10218686916802575,-1.0,-0.16008381539808872,-0.6374116795704372,-0.1552560975266597,0.04331834750658835,0.11161100172419654,0.06620945694211845,-0.16000294455918282,0.13103868593213133,-0.10533241326094478,-0.14011339338081616,-0.09602043837903429,0.04647192697965727,-0.006533709904362938,0.009367684022371196,-0.07521071224540679
Distributie,-0.08452154537635759,0.12403635180908477,-0.003050858109659533,-0.00901430276133655,-0.04599341840931474,-0.013910861488291947,0.03190713426426236,0.03190713426426236,-0.03190713426426236,0.2144172885348435,-0.09073411699688262,1.0,-0.2802527645341318,-0.2144172885348435,0.09073411699688262,0.0905384553910777,0.01758170089292397,-0.27451722449359645,0.08230179333033805,0.2817239177632161,0.0029710790855230853,-0.0906942601458504,-0.2002010435343135,-0.011721180920284204,-0.04366918018398674,-0.013710269211844078,-0.0675719000289037,-0.18063052524601272,-0.11770216494656367,-0.020408071118920446
mucoasa,0.22257084506834177,-0.08257228238447704,0.20954181400080643,-0.06674639317201159,0.01904067458828066,-0.586163248229794,-0.6551212769280259,-0.6551212769280259,0.6551212769280259,0.1632870338857884,-0.1644604807618989,-0.2802527645341318,1.0,-0.1632870338857884,0.1644604807618989,-0.011492173621672912,0.12197665372285052,0.14056137093179416,-0.3350400318962953,-0.22804268340325645,-0.32393247648621654,0.11236664374387367,-0.02439750182371333,-0.11168720311665732,-0.05189163706165011,-0.07874356322495141,-0.14144168708218702,-0.04611885909683909,-0.09990795549896006,-0.07607200480903939
HP,-0.05784810360741246,0.24190057864005898,0.006828383536827553,0.011099008153617754,-0.01331901429278934,0.23169988143636897,0.24936279807352865,0.24936279807352865,-0.24936279807352865,-1.0,-0.10218686916802575,-0.2144172885348435,-0.1632870338857884,1.0,0.10218686916802575,0.44748593161054373,0.22592236690896605,-0.05407023956821618,0.012188955807461014,-0.10460168942511447,-0.02227486842029992,-0.25255504327796136,-0.14411966822444805,0.09452951318636547,0.20261241837091143,0.10961890372958424,0.08687025451723254,0.06515281262651341,0.0737985333723397,0.08257778819277534
mono,0.04804666924474354,0.10313830829284838,0.23686602580958324,-0.045474934495616,0.18071691842404716,-0.26344707921717847,-0.29118845233267815,-0.29118845233267815,0.29118845233267815,-0.10218686916802575,-1.0,0.09073411699688262,0.1644604807618989,0.10218686916802575,1.0,0.16008381539808872,0.6374116795704372,0.1552560975266597,-0.04331834750658835,-0.11161100172419654,-0.06620945694211845,0.16000294455918282,-0.13103868593213133,0.10533241326094478,0.14011339338081616,0.09602043837903429,-0.04647192697965727,0.006533709904362938,-0.009367684022371196,0.07521071224540679
neutro,0.005585307926977536,0.08303181298126872,0.11503033694348311,0.03188003113080199,0.17067861582899146,0.01938979221384521,0.007990016056896636,0.007990016056896636,-0.007990016056896636,-0.44748593161054373,-0.16008381539808872,0.0905384553910777,-0.011492173621672912,0.44748593161054373,0.16008381539808872,1.0,0.1979443747953189,-0.11829219539341841,0.039259928556375806,0.04572864744394207,0.007614589625750615,0.10459829531433028,-0.2481365893004777,-0.19393497871167195,-0.026297138659246964,-0.12784094225817494,-0.06625566950913685,-0.021956673132094047,-0.039655821910051334,-0.06432212006687558
Atrofie,0.017032851962031217,0.13654940178755756,0.30550760448027653,0.0940360916363476,0.13333085555302998,-0.13184525006318484,-0.2129271634755012,-0.2129271634755012,0.2129271634755012,-0.22592236690896605,-0.6374116795704372,0.01758170089292397,0.12197665372285052,0.22592236690896605,0.6374116795704372,0.1979443747953189,1.0,0.33691778254108923,0.0787042372970863,-0.05777920603260484,0.011717051636903222,-0.06253917680993663,-0.06469659466805007,-0.01861105352740196,0.11075557021212397,-0.003931345700338856,-0.061976316609346625,0.23567289500529698,0.09398369555824318,0.03669355285503823
Metaplazie,-0.046397882927287706,0.07342870808179781,0.2944625597577017,-0.10434663783657068,0.049538026734862226,0.027121563485615955,-0.01515309182993026,-0.01515309182993026,0.01515309182993026,0.05407023956821618,-0.1552560975266597,-0.27451722449359645,0.14056137093179416,-0.05407023956821618,0.1552560975266597,-0.11829219539341841,0.33691778254108923,1.0,0.1691881901001129,0.033642674039783264,0.0038014057222458624,0.10443650357739716,0.15117118399772497,0.09253605264012602,0.24078878725250383,0.14817671076668865,-0.010151507059394776,0.38335483504035006,0.154258273361147,0.14691656278165627
pleomorfism,-0.012391986561361137,0.3795073273399262,0.13102532634013705,-0.140880336822236,-0.01710415682545128,0.019704496994984572,0.09599848929325325,0.09599848929325325,-0.09599848929325325,-0.012188955807461014,0.04331834750658835,0.08230179333033805,-0.3350400318962953,0.012188955807461014,-0.04331834750658835,0.039259928556375806,0.0787042372970863,0.1691881901001129,1.0,0.3454346505696925,0.05976758633753355,0.2345717874020149,-0.018863399513554237,-0.10307119396288586,0.08087941593810027,-0.024570036090287288,-0.0892228868574189,0.1090626394747652,0.07656035394496319,0.006460397880900438
AM,0.1065424780898976,0.08070002078437538,-0.05041957466188875,-0.06269142683911721,0.054940686667147444,0.05326465462627894,0.14967278577073628,0.14967278577073628,-0.14967278577073628,0.10460168942511447,0.11161100172419654,0.2817239177632161,-0.22804268340325645,-0.10460168942511447,-0.11161100172419654,0.04572864744394207,-0.05777920603260484,0.033642674039783264,0.3454346505696925,1.0,0.009250935259013151,0.17884778999621995,0.10218988991416098,-0.08650001717160141,0.0050157726902137715,-0.04735883989068633,-0.01974780114324835,0.12598085464346787,0.08540170944933105,0.010062017850268676
CD117,0.1053378774885652,-0.08510677611520905,0.08566731658741536,-0.010721317902511936,-0.05326816572438573,0.19748410789120244,0.11312290262314018,0.11312290262314018,-0.11312290262314018,0.02227486842029992,0.06620945694211845,0.0029710790855230853,-0.32393247648621654,-0.02227486842029992,-0.06620945694211845,0.007614589625750615,0.011717051636903222,0.0038014057222458624,0.05976758633753355,0.009250935259013151,1.0,-0.07445291969126748,0.14010117465793875,0.2206119111788156,0.22216601740807723,0.19264479187574876,0.26979345976968144,0.35606545188516414,0.34585039912023824,0.2679396334251044
DOG1,0.040193901732161676,-0.009278370237815069,0.013526144251242314,-0.18818352894894852,0.04706980735829596,-0.16075573478136992,-0.1686424758333453,-0.1686424758333453,0.1686424758333453,0.25255504327796136,-0.16000294455918282,-0.0906942601458504,0.11236664374387367,-0.25255504327796136,0.16000294455918282,0.10459829531433028,-0.06253917680993663,0.10443650357739716,0.2345717874020149,0.17884778999621995,-0.07445291969126748,1.0,0.3125270551058903,-0.07672024220619521,0.08073538746913149,0.028586330497914994,-0.0823563342531913,0.18655997076030337,0.1484623760099861,0.11337288829165332
CD34,-0.13963300967469305,0.14101901870444156,0.15989524000354138,-0.06513780996561758,-0.00929089785984619,0.06399055244521278,0.06393329019441968,0.06393329019441968,-0.06393329019441968,0.14411966822444805,0.13103868593213133,-0.2002010435343135,-0.02439750182371333,-0.14411966822444805,-0.13103868593213133,-0.2481365893004777,-0.06469659466805007,0.15117118399772497,-0.018863399513554237,0.10218988991416098,0.14010117465793875,0.3125270551058903,1.0,0.21901935924046445,0.32137590942272,0.3103390059624246,0.17881541605144965,0.2876559782463276,0.3342863350613964,0.32528261564666766
GRPI,0.07941012527129017,0.3079889259590849,0.16583946485880277,-0.18443046758651963,-0.12770065408044773,0.03765206613141205,0.034344363165917186,0.034344363165917186,-0.034344363165917186,-0.09452951318636547,-0.10533241326094478,-0.011721180920284204,-0.11168720311665732,0.09452951318636547,0.10533241326094478,-0.19393497871167195,-0.01861105352740196,0.09253605264012602,-0.10307119396288586,-0.08650001717160141,0.2206119111788156,-0.07672024220619521,0.21901935924046445,1.0,0.7925646272890315,0.9213652536205761,0.7446102614320133,0.6224604697808812,0.7275001817242968,0.8859949843570675
GRPP,0.06484214680064093,0.34443287690349994,0.15932999938954218,-0.27346377410627204,-0.1417969955566252,0.054654335471385464,0.031256258490103626,0.031256258490103626,-0.031256258490103626,-0.20261241837091143,-0.14011339338081616,-0.04366918018398674,-0.05189163706165011,0.20261241837091143,0.14011339338081616,-0.026297138659246964,0.11075557021212397,0.24078878725250383,0.08087941593810027,0.0050157726902137715,0.22216601740807723,0.08073538746913149,0.32137590942272,0.7925646272890315,1.0,0.9445304771863993,0.6033278374406003,0.7777027272748176,0.7811506927108396,0.9299314216561771
Scor perif,0.0829932057842816,0.33677210748493924,0.15822595240104628,-0.24267351883305271,-0.12325600416595028,0.033469474924371155,0.0222407344700901,0.0222407344700901,-0.0222407344700901,-0.10961890372958424,-0.09602043837903429,-0.013710269211844078,-0.07874356322495141,0.10961890372958424,0.09602043837903429,-0.12784094225817494,-0.003931345700338856,0.14817671076668865,-0.024570036090287288,-0.04735883989068633,0.19264479187574876,0.028586330497914994,0.3103390059624246,0.9213652536205761,0.9445304771863993,1.0,0.6685282517519444,0.7166700324415238,0.7623110453936098,0.9533149605803581
GRCI,-0.004332831158417556,0.2972877835884011,0.1304433598666938,0.02662941835668963,-0.10077117508479756,0.17422493433949585,0.17213788761464116,0.17213788761464116,-0.17213788761464116,-0.08687025451723254,0.04647192697965727,-0.0675719000289037,-0.14144168708218702,0.08687025451723254,-0.04647192697965727,-0.06625566950913685,-0.061976316609346625,-0.010151507059394776,-0.0892228868574189,-0.01974780114324835,0.26979345976968144,-0.0823563342531913,0.17881541605144965,0.7446102614320133,0.6033278374406003,0.6685282517519444,1.0,0.5802210795256001,0.8211956863414244,0.7626621049882384
GRCC,0.06785854309452888,0.2086198137090684,0.2825454491397428,-0.14337034857724032,-0.09700975798254363,0.02778239370063726,-0.0561069764537909,-0.0561069764537909,0.0561069764537909,-0.06515281262651341,-0.006533709904362938,-0.18063052524601272,-0.04611885909683909,0.06515281262651341,0.006533709904362938,-0.021956673132094047,0.23567289500529698,0.38335483504035006,0.1090626394747652,0.12598085464346787,0.35606545188516414,0.18655997076030337,0.2876559782463276,0.6224604697808812,0.7777027272748176,0.7166700324415238,0.5802210795256001,1.0,0.863739362123205,0.819082520385188
Scor centru,-0.03278834164246534,0.30809834862175695,0.24035071885621706,-0.10728117916987881,-0.13000558229278641,0.07612676765865072,0.03452891434029411,0.03452891434029411,-0.03452891434029411,-0.0737985333723397,0.009367684022371196,-0.11770216494656367,-0.09990795549896006,0.0737985333723397,-0.009367684022371196,-0.039655821910051334,0.09398369555824318,0.154258273361147,0.07656035394496319,0.08540170944933105,0.34585039912023824,0.1484623760099861,0.3342863350613964,0.7275001817242968,0.7811506927108396,0.7623110453936098,0.8211956863414244,0.863739362123205,1.0,0.9096386610878577
Scor total (Allred dublu),0.0467322701546347,0.3289490456490563,0.2060888019734358,-0.20537227700321906,-0.13924462415209196,0.04622841008430342,0.01803938355240539,0.01803938355240539,-0.01803938355240539,-0.08257778819277534,-0.07521071224540679,-0.020408071118920446,-0.07607200480903939,0.08257778819277534,0.07521071224540679,-0.06432212006687558,0.03669355285503823,0.14691656278165627,0.006460397880900438,0.010062017850268676,0.2679396334251044,0.11337288829165332,0.32528261564666766,0.8859949843570675,0.9299314216561771,0.9533149605803581,0.7626621049882384,0.819082520385188,0.9096386610878577,1.0
